0,0,0.98,0,0,0.87,0,0,0,0
0,0,0,0,0,0,0,0,0.73,0.85
0.98,0,0,0.89,0.92,0,0.82,0,0,0
0,0,0.89,0,0.86,0,0,0.93,0,0
0,0,0.92,0.86,0,0,0,0.81,0,0
0.87,0,0,0,0,0,0,0,0,0
0,0,0.82,0,0,0,0,0,0.86,0
0,0,0,0.93,0.81,0,0,0,0,0
0,0.73,0,0,0,0,0.86,0,0,0.69
0,0.85,0,0,0,0,0,0,0.69,0
